- Jet Lab

- Experiment date = 2021-11-10 18:39:56
- Number of samples in measure = 100
- Number of motor steps between measures = 10
- Measures count = 100

- adc12bit
824
833
832
839
832
835
837
832
837
835
833
829
839
831
827
832
827
827
824
830
823
829
827
826
829
826
829
823
828
828
829
830
826
831
836
919
1430
1690
1787
1838
1937
1846
1879
1907
1895
1903
1874
1843
1878
1866
1880
1824
1869
1863
1899
1941
1885
1858
1879
1859
1889
1890
1850
1906
1862
1867
1876
1849
1907
1885
1917
1896
1809
1900
1831
1776
1644
1360
920
822
827
819
830
826
833
829
830
830
831
829
831
831
826
829
829
827
830
818
827
824
