- Jet Lab

- Experiment date = 2021-11-10 19:56:55
- Number of samples in measure = 100
- Number of motor steps between measures = 10
- Measures count = 100

- adc12bit
821
833
836
832
832
833
830
831
828
828
834
829
830
828
830
834
829
825
827
826
827
823
824
829
825
827
824
825
827
826
825
827
826
842
923
1196
1558
1788
1800
1887
1889
1947
1902
1898
1904
1887
1963
1909
1952
1876
1915
1933
1866
1975
1975
1878
1943
1917
1965
1890
1979
1909
1918
1929
1873
1913
1920
1873
1920
1930
1900
1939
1860
1816
1803
1393
1128
877
830
825
829
831
839
836
832
833
840
832
833
835
828
836
840
837
835
838
834
829
829
828
