- Jet Lab 

- Experiment date = 2021-11-10 17:50:36
- Number of samples in measure = 100
- Number of motor steps between measures = 0 
- Measures count = 1000 

- adc12bit
801
805
804
790
812
807
798
811
808
799
800
804
804
798
798
804
807
807
811
814
807
812
811
808
797
810
806
797
813
805
797
813
808
806
811
808
795
809
812
809
811
803
799
810
817
815
816
806
808
812
812
813
801
799
816
817
805
816
819
804
814
814
802
817
812
800
812
807
809
801
807
808
797
815
807
800
812
815
810
803
817
816
812
807
800
813
804
802
809
796
811
806
811
803
806
808
803
803
802
806
790
807
803
794
807
801
804
805
803
803
795
807
801
802
805
809
796
795
806
811
806
809
807
803
807
796
796
806
800
813
810
808
804
807
816
810
805
809
809
812
814
807
804
812
812
808
796
812
811
795
807
805
796
799
806
803
799
807
807
800
798
806
806
804
811
806
797
809
812
797
796
807
810
806
808
798
796
804
814
807
801
808
806
799
810
804
807
810
796
810
811
805
806
798
795
794
805
807
808
798
805
808
798
803
807
798
803
793
803
809
805
808
804
801
795
792
791
807
803
798
792
788
806
810
803
796
792
803
792
805
804
795
801
797
801
804
804
791
800
800
801
792
811
807
814
812
796
809
808
799
803
796
805
809
805
799
805
799
796
807
809
803
797
801
808
808
808
799
816
810
799
812
807
804
798
810
797
808
808
807
811
809
811
809
812
812
815
819
822
816
807
808
806
815
804
800
799
815
807
810
812
803
796
806
814
805
808
799
808
811
807
796
792
792
809
798
804
811
807
809
797
806
811
806
806
795
799
807
808
801
796
795
790
805
809
803
804
793
802
803
804
807
797
808
814
811
811
807
809
798
799
804
811
807
797
809
807
800
792
793
807
801
801
792
807
812
806
802
804
804
807
807
816
812
799
804
815
800
799
808
807
807
799
804
801
796
810
810
801
795
803
808
806
812
810
809
798
796
814
813
804
798
806
816
809
811
800
815
804
808
812
798
808
814
808
805
799
798
807
812
808
799
794
793
806
803
808
805
809
815
807
798
794
793
807
806
803
800
792
805
803
803
807
795
803
803
805
808
807
805
808
795
806
811
813
806
804
795
799
809
806
806
804
795
799
791
800
804
804
805
801
792
803
792
799
801
792
807
805
794
806
796
799
804
796
807
807
811
804
803
795
809
802
807
805
799
804
809
807
811
815
796
808
812
806
812
812
807
815
817
813
815
803
805
807
801
814
814
815
810
816
811
812
803
808
803
798
811
799
809
807
802
811
795
807
806
810
805
793
803
803
805
807
802
809
794
804
805
792
808
798
803
807
802
807
804
793
808
804
806
809
804
809
792
807
803
799
808
804
811
799
792
805
806
801
808
805
808
805
801
801
807
795
804
803
806
805
795
807
813
811
804
809
797
808
803
808
800
792
805
796
806
801
796
801
798
796
804
803
793
808
800
789
801
796
803
800
801
806
800
798
807
804
807
805
794
806
801
805
806
800
807
803
799
808
799
813
807
800
803
807
799
813
810
802
806
804
808
809
794
809
803
805
803
798
812
810
795
803
806
803
804
808
807
812
802
807
805
805
814
798
799
804
809
806
807
807
808
811
809
818
812
809
813
811
800
808
805
796
806
803
799
800
808
803
806
806
808
806
796
812
806
794
810
805
805
809
805
811
811
813
807
808
815
798
811
811
815
821
803
815
804
800
814
807
796
807
806
810
807
798
803
805
804
792
807
803
797
791
806
807
792
806
806
804
796
809
799
806
810
809
808
804
805
807
794
808
806
804
813
806
797
803
807
810
806
798
812
807
800
794
799
806
805
803
795
804
798
793
799
807
804
792
804
800
803
796
788
801
798
796
802
799
796
788
800
799
791
792
795
792
800
798
795
796
794
801
802
802
802
809
806
804
809
810
800
802
814
805
806
800
799
800
805
799
792
801
803
800
803
812
804
792
808
808
795
797
805
801
803
805
801
799
807
797
796
802
803
805
803
802
799
792
799
800
803
793
807
803
801
807
807
804
793
796
805
801
801
799
804
803
809
806
792
806
793
790
793
801
799
803
790
799
809
793
809
802
809
805
806
806
806
817
811
815
812
808
808
814
815
813
809
813
800
815
807
804
816
798
793
805
812
807
804
810
807
804
815
811
797
797
807
802
800
801
806
797
805
804
803
801
803
805
795
802
808
804
808
808
807
812
808
820
812
812
806
816
812
802
798
814
801
812
815
808
800
800
812
809
811
808
812
812
798
796
795
804
804
807
807
811
811
801
800
806
814
803
804
793
807
804
807
796
802
809
799
791
789
807
800
802
788
800
805
804
795
790
803
806
799