- Jet Lab

- Experiment date = 2021-11-10 19:57:46
- Number of samples in measure = 100
- Number of motor steps between measures = 10
- Measures count = 100

- adc12bit
813
827
829
829
834
825
838
835
824
830
842
825
825
826
826
830
827
821
828
819
857
945
922
960
1099
1167
1179
1321
1446
1507
1618
1716
1742
1697
1794
1789
1846
1849
1808
1841
1820
1912
1877
1925
1872
1882
1878
1848
1904
1885
1929
1927
1863
1900
1820
1888
1809
1791
1684
1630
1623
1436
1387
1410
1417
1250
1241
1054
1107
1110
969
909
897
907
920
874
910
838
851
848
839
847
832
828
826
839
831
831
836
825
829
834
825
831
836
830
830
824
826
828
