- Jet Lab

- Experiment date = 2021-11-10 19:59:33
- Number of samples in measure = 100
- Number of motor steps between measures = 10
- Measures count = 100

- adc12bit
828
898
832
825
868
840
878
904
861
881
904
899
1056
1118
1061
1014
1146
1195
1220
1354
1343
1441
1367
1589
1625
1602
1655
1739
1811
1771
1877
1907
1926
1910
1965
1971
1970
1986
1978
1937
1939
1964
1909
1928
1875
1896
1908
1787
1839
1777
1763
1666
1767
1503
1417
1413
1386
1278
1229
1239
1138
1126
1017
1068
988
1030
1080
995
929
919
898
871
879
863
894
876
866
846
857
863
850
876
849
856
857
837
836
828
833
833
829
834
831
832
836
838
826
826
827
826
