- Jet Lab

- Experiment date = 2021-11-10 20:00:26
- Number of samples in measure = 100
- Number of motor steps between measures = 10
- Measures count = 100

- adc12bit
874
911
893
872
914
930
907
916
884
880
958
983
996
993
1020
1086
1161
1128
1255
1014
1166
1194
1217
1206
1143
1140
1177
1340
1321
1426
1359
1468
1458
1460
1549
1579
1430
1553
1516
1473
1557
1626
1463
1488
1557
1491
1516
1523
1581
1505
1404
1344
1466
1370
1325
1438
1244
1353
1277
1308
1250
1135
1249
1186
1164
1101
1118
1140
1052
986
1063
1075
1051
1023
1094
975
938
967
914
943
908
980
973
953
930
898
866
900
857
897
873
860
852
872
891
925
873
876
850
832
