- Jet Lab 

- Experiment date = 2021-11-10 17:53:34
- Number of samples in measure = 100
- Number of motor steps between measures = 0 
- Measures count = 1000 

- adc12bit
1427
1411
1421
1415
1416
1428
1439
1435
1430
1435
1423
1435
1430
1421
1415
1412
1427
1429
1427
1430
1428
1425
1412
1420
1424
1420
1409
1425
1406
1424
1412
1411
1413
1411
1407
1408
1407
1418
1408
1401
1397
1390
1390
1392
1392
1395
1396
1400
1392
1384
1397
1382
1384
1383
1386
1376
1371
1369
1370
1365
1376
1368
1368
1367
1363
1356
1364
1362
1354
1352
1358
1348
1344
1342
1343
1356
1339
1351
1351
1337
1338
1333
1331
1332
1339
1342
1328
1331
1327
1327
1323
1316
1324
1317
1314
1311
1318
1312
1306
1312
1310
1299
1303
1298
1295
1292
1293
1307
1285
1287
1294
1283
1297
1292
1300
1292
1297
1298
1284
1305
1286
1293
1294
1293
1290
1295
1288
1289
1285
1301
1304
1297
1305
1296
1306
1311
1296
1305
1311
1326
1325
1321
1321
1319
1327
1311
1323
1317
1318
1316
1310
1317
1312
1315
1324
1307
1323
1327
1319
1326
1315
1320
1309
1316
1305
1304
1316
1316
1318
1321
1309
1312
1326
1307
1315
1333
1322
1325
1322
1315
1328
1321
1318
1304
1319
1315
1314
1322
1317
1324
1320
1320
1328
1330
1327
1333
1318
1335
1331
1331
1331
1321
1340
1336
1337
1338
1337
1344
1352
1331
1328
1340
1346
1344
1355
1338
1344
1353
1341
1347
1345
1350
1343
1356
1352
1340
1339
1361
1355
1351
1340
1359
1365
1350
1364
1352
1363
1363
1368
1365
1363
1363
1373
1371
1368
1376
1383
1364
1372
1367
1374
1377
1376
1376
1368
1377
1374
1363
1360
1374
1364
1379
1390
1368
1387
1382
1388
1390
1386
1395
1400
1403
1403
1385
1404
1404
1387
1407
1391
1387
1407
1396
1409
1404
1399
1401
1393
1398
1409
1416
1422
1419
1418
1428
1420
1425
1416
1420
1418
1411
1414
1419
1415
1404
1411
1419
1418
1420
1409
1420
1417
1407
1407
1416
1423
1421
1409
1422
1424
1427
1432
1420
1432
1436
1432
1432
1430
1435
1432
1435
1434
1436
1441
1436
1442
1439
1438
1448
1440
1448
1435
1443
1452
1443
1443
1441
1438
1444
1431
1424
1439
1440
1448
1445
1439
1443
1438
1444
1440
1446
1445
1435
1438
1440
1450
1439
1437
1436
1440
1425
1431
1432
1433
1427
1433
1435
1435
1420
1420
1417
1428
1420
1427
1418
1417
1411
1405
1420
1404
1409
1404
1399
1405
1405
1400
1389
1391
1387
1384
1384
1379
1377
1376
1383
1380
1368
1376
1365
1365
1368
1370
1360
1361
1367
1356
1365
1354
1362
1351
1349
1352
1355
1340
1348
1340
1342
1344
1331
1344
1344
1326
1342
1334
1341
1339
1326
1342
1331
1331
1328
1326
1331
1332
1320
1331
1328
1315
1315
1329
1324
1331
1312
1327
1320
1323
1312
1319
1318
1325
1319
1320
1315
1328
1318
1318
1319
1310
1327
1328
1315
1320
1318
1323
1324
1328
1326
1321
1320
1334
1321
1313
1323
1316
1335
1316
1321
1325
1321
1324
1323
1315
1328
1318
1315
1324
1336
1334
1326
1328
1334
1333
1317
1308
1324
1323
1313
1309
1306
1321
1305
1319
1319
1307
1323
1315
1313
1312
1313
1321
1319
1312
1300
1318
1312
1308
1311
1307
1309
1308
1310
1308
1308
1299
1295
1297
1287
1297
1296
1299
1297
1290
1289
1295
1295
1290
1294
1280
1293
1293
1292
1279
1299
1294
1296
1306
1297
1308
1298
1288
1293
1285
1284
1296
1294
1280
1287
1290
1277
1285
1291
1275
1283
1284
1277
1283
1291
1297
1292
1283
1279
1278
1285
1286
1291
1284
1297
1288
1290
1286
1288
1291
1295
1292
1300
1304
1313
1308
1321
1315
1317
1329
1331
1325
1344
1334
1343
1334
1335
1350
1349
1348
1347
1343
1351
1337
1359
1356
1359
1351
1351
1366
1371
1365
1366
1370
1372
1370
1374
1381
1368
1375
1378
1376
1376
1382
1378
1391
1395
1390
1388
1391
1395
1380
1387
1396
1392
1407
1411
1398
1399
1400
1396
1401
1405
1406
1401
1410
1413
1409
1412
1403
1425
1414
1411
1421
1420
1422
1421
1424
1427
1432
1438
1422
1427
1420
1413
1424
1417
1420
1422
1413
1420
1415
1415
1414
1405
1400
1409
1397
1401
1403
1400
1403
1400
1391
1401
1408
1399
1402
1396
1397
1398
1388
1379
1379
1383
1377
1388
1388
1377
1390
1376
1375
1378
1371
1364
1376
1372
1364
1360
1372
1356
1354
1373
1356
1350
1357
1346
1345
1342
1349
1352
1350
1344
1339
1334
1334
1343
1331
1339
1330
1324
1321
1321
1320
1314
1314
1319
1320
1322
1317
1319
1308
1305
1304
1304
1307
1300
1296
1307
1297
1296
1289
1290
1287
1284
1283
1282
1295
1293
1289
1280
1279
1283
1289
1283
1272
1287
1285
1278
1275
1276
1268
1279
1281
1274
1289
1278
1284
1275
1272
1279
1282
1281
1270
1281
1276
1280
1283
1267
1278
1288
1281
1287
1281
1283
1283
1283
1287
1281
1279
1280
1279
1296
1299
1294
1279
1285
1291
1278
1278
1288
1275
1279
1275
1293
1285
1290
1280
1285
1283
1288
1285
1279
1286
1295
1280
1277
1287
1279
1272
1286
1272
1288
1284
1286
1287
1283
1278
1284
1283
1273
1283
1281
1271
1271
1275
1263
1260
1269
1264
1272
1267
1267
1270
1255
1258
1256
1259
1260
1264
1260
1264
1265
1260
1264
1271
1265
1263
1270
1268
1252
1259
1260
1264
1264
1248
1249
1245
1262
1268
1267
1269
1280
1279
1279
1271
1265
1263
1255
1266
1267
1260
1259
1266
1265
1268
1267
1268
1270
1255
1268
1252
1262
1276
1272
1269
1272
1278
1258
1279
1281
1292
1283
1295
1293
1296
1288
1279
1280
1279
1278
1271
1281
1288
1294
1294
1292
1304
1310
1303
1305
1311
1308
1304
1308
1312
1300
1312
1301
1297
1294
1305
1308
1313
1318
1315
1312
1299
1305
1302
1311
1305
1306
1309
1304
1316
1312
1310
1316
1314
1308
1310
1312
1320
1324
1306
1319
1304
1311
1319
1315
1322
1316
1318
1313
1311
1307
1320
1318
1307
1315
1316
1315
1321
1326
1324
1333
1322
1324